n 66
m 31
matrice d_ij 31 66
27 11 24 51 8 35 7 6 22 47 36 28 47 43 38 38 45 42 17 3 12 36 2 34 26 38 35 28 38 43 45 41 49 17 31 27 7 48 46 23 41 34 26 36 24 43 40 31 7 35 33 32 16 23 20 25 13 54 16 41 42 40 12 26 10 47 
41 46 32 8 61 29 52 50 48 9 28 28 23 18 46 29 27 44 42 55 62 21 56 26 49 20 27 44 36 13 18 15 11 43 41 30 51 14 14 39 25 29 30 23 50 13 45 43 49 32 28 26 57 33 36 32 47 4 44 44 16 17 55 31 47 16 
19 19 6 21 34 14 26 24 26 17 16 2 22 16 30 20 22 32 18 28 36 8 29 9 27 9 15 23 22 13 19 11 20 18 25 6 24 20 17 15 17 13 3 9 27 14 30 27 23 19 11 9 31 7 11 6 21 24 18 31 13 11 29 7 21 20 
32 23 15 26 36 29 22 22 14 25 7 13 37 16 44 9 37 46 11 26 39 12 29 25 37 23 6 35 37 21 17 18 23 26 10 9 27 32 30 26 32 28 15 24 37 20 44 12 23 6 26 7 37 11 11 18 27 29 25 45 26 23 34 8 18 20 
9 10 18 44 16 21 22 18 33 38 37 22 32 40 19 40 29 24 24 20 15 32 15 21 7 27 36 10 20 36 42 35 44 5 39 25 11 36 35 9 26 20 20 24 6 37 21 40 13 38 20 30 9 21 21 17 5 46 6 22 32 30 8 24 20 44 
20 30 20 23 44 8 41 38 43 15 30 18 5 25 23 34 6 22 35 42 44 20 41 8 27 8 29 22 13 17 27 17 24 26 41 23 35 8 8 20 3 8 18 7 29 19 22 43 35 34 9 24 38 24 27 18 30 23 26 22 7 9 37 24 36 27 
33 30 18 15 44 27 32 31 24 16 4 14 31 5 44 7 32 45 21 35 46 5 38 22 40 18 4 37 35 11 7 9 12 31 18 11 34 25 22 29 28 26 16 20 41 10 44 20 31 9 24 5 43 15 17 19 33 19 30 44 20 17 40 12 27 9 
40 36 24 14 50 33 37 36 28 18 7 20 35 5 50 7 37 51 26 41 53 11 43 28 47 23 8 43 41 14 4 13 11 37 19 17 40 28 25 35 33 32 22 26 47 12 50 21 37 10 30 12 50 22 23 26 39 18 37 50 24 21 47 18 32 6 
18 31 23 29 44 8 43 40 47 22 36 23 5 32 18 40 1 16 38 43 43 26 41 11 24 14 35 19 8 23 34 24 31 26 46 27 36 13 14 20 4 9 22 12 26 25 16 48 36 40 11 29 36 28 31 21 30 29 27 16 14 15 36 28 39 34 
36 24 21 34 34 36 18 19 5 34 15 20 44 24 48 15 44 52 9 22 37 21 27 32 40 31 14 39 43 29 25 27 31 29 5 16 26 41 38 30 40 35 21 31 40 28 50 6 22 11 33 16 37 16 14 23 28 38 27 50 35 32 33 15 15 28 
27 36 24 18 50 14 46 43 46 11 31 22 7 24 30 33 10 28 38 47 51 21 46 14 34 10 30 29 20 14 25 16 20 32 43 26 41 1 3 26 9 15 22 12 36 17 28 45 41 35 15 25 44 27 31 23 36 18 33 28 6 9 43 27 41 24 
13 10 3 31 25 14 20 17 25 25 23 8 25 25 25 26 24 28 16 21 26 17 20 12 19 16 22 16 20 23 28 21 30 9 27 11 15 26 24 7 20 13 6 13 19 23 26 29 14 24 12 16 22 7 9 3 11 33 8 27 20 18 19 10 16 29 
12 28 25 39 37 12 41 37 48 32 42 26 17 40 6 46 13 6 39 40 36 33 36 16 15 22 41 11 3 32 42 32 40 21 50 31 31 24 25 16 13 12 25 19 17 34 5 51 33 45 14 35 28 30 32 22 25 40 23 5 23 24 29 32 37 43 
30 15 19 42 22 35 5 7 8 40 24 22 45 33 43 26 44 47 6 10 25 27 15 31 33 33 24 33 40 35 34 33 39 21 18 19 15 44 42 25 40 34 21 32 32 35 45 17 12 22 32 22 27 16 13 22 19 45 20 46 38 35 23 17 5 37 
6 21 16 34 32 5 33 30 40 27 34 18 16 33 12 38 13 14 30 33 32 25 30 9 14 15 33 8 5 26 35 25 34 15 41 23 25 21 21 9 11 5 16 12 15 28 12 43 26 37 7 27 25 21 23 14 19 35 16 13 18 18 25 23 29 36 
26 10 20 46 14 33 2 1 16 42 30 23 45 37 38 32 43 43 11 2 18 31 7 31 27 34 29 28 37 39 39 36 44 17 25 22 8 45 43 22 39 32 22 32 26 38 40 25 6 29 31 27 19 18 15 21 14 49 15 41 39 36 15 21 5 42 
10 16 23 48 19 22 28 25 40 42 43 27 33 45 15 46 29 20 31 25 17 37 21 24 3 30 42 8 19 40 47 39 48 11 45 30 17 38 37 13 27 22 25 27 1 42 17 46 20 44 22 36 10 27 27 22 12 50 12 18 34 34 12 30 27 49 
38 24 25 41 31 40 15 17 1 40 21 25 50 31 51 21 49 55 10 19 35 27 25 36 42 37 21 42 47 36 31 33 38 30 10 21 25 47 44 33 45 39 26 36 41 35 53 8 22 18 37 22 37 20 17 27 29 44 29 53 40 38 33 20 14 34 
19 4 17 45 10 28 10 7 23 40 33 22 39 38 30 35 37 35 16 8 13 31 5 26 19 31 32 20 30 37 40 35 43 9 31 22 0 41 39 15 33 27 20 28 17 38 32 31 2 32 26 27 12 18 16 18 6 48 8 33 35 33 8 21 10 42 
2 18 17 38 28 10 31 27 39 31 36 20 21 36 10 40 18 14 30 30 27 28 27 13 8 20 35 3 8 30 39 29 38 11 42 24 21 26 26 7 16 10 18 16 10 32 12 43 23 38 11 29 20 22 23 15 15 39 13 13 23 23 20 24 28 40 
20 14 26 54 7 32 20 18 34 48 44 31 43 48 28 46 40 33 27 16 4 40 11 32 15 38 42 20 31 46 50 44 53 14 42 32 10 47 46 20 38 31 29 35 13 47 30 42 14 44 31 38 2 28 26 26 11 56 14 31 42 41 3 31 21 52 
17 9 4 31 24 19 16 13 20 27 20 8 30 25 30 23 29 33 10 17 26 17 18 16 22 19 19 21 25 24 27 21 30 11 23 9 14 30 27 12 24 18 7 17 22 24 31 24 12 21 17 14 23 4 4 6 12 34 10 32 23 21 20 7 11 29 
19 27 15 20 41 8 36 33 37 13 25 13 11 21 25 28 11 25 29 37 42 15 37 5 27 2 24 22 15 13 23 13 21 23 35 17 31 10 8 17 7 7 13 2 28 15 25 37 31 28 7 18 36 18 22 13 27 21 23 25 5 5 34 18 31 23 
25 14 28 56 0 36 17 15 31 51 43 32 48 49 34 46 45 39 26 12 3 42 7 36 22 41 42 25 36 48 51 46 54 18 40 33 10 51 49 24 42 35 31 38 20 48 36 40 12 43 35 38 9 29 26 28 14 58 17 38 45 44 7 32 19 53 
37 29 21 27 40 35 25 26 14 28 7 19 41 16 50 6 42 52 15 29 44 16 34 30 43 28 7 41 42 23 17 21 24 32 6 14 32 36 33 32 37 34 20 29 43 22 50 8 28 3 32 12 43 16 16 23 32 30 31 51 30 28 39 14 22 20 
43 32 27 34 42 42 26 27 12 35 14 26 49 23 56 12 49 58 17 30 46 23 35 37 48 35 14 47 49 31 23 28 30 37 2 21 35 44 41 38 45 41 27 36 48 29 56 3 31 10 38 19 46 22 21 30 36 37 35 57 38 35 42 20 24 26 
39 42 29 3 57 28 48 46 43 6 22 25 24 13 45 24 27 44 38 51 59 17 52 24 47 18 22 42 35 9 13 11 6 41 36 25 47 15 13 36 25 28 26 21 48 9 44 38 45 27 26 21 54 29 32 29 44 1 40 44 15 15 52 27 43 11 
47 34 31 39 43 46 26 28 12 40 19 30 53 28 59 17 54 62 19 31 47 28 36 41 51 40 19 50 53 36 28 34 35 39 6 25 36 49 46 41 49 45 31 41 51 34 60 4 32 15 43 24 48 26 24 33 39 42 38 61 43 40 43 25 25 31 
30 36 23 12 51 18 44 42 43 5 25 20 13 18 35 28 16 33 36 46 52 16 46 16 37 10 25 32 25 9 19 11 14 33 38 23 41 5 3 28 14 18 21 13 39 11 34 41 40 30 17 21 46 25 29 22 37 12 33 33 5 7 45 24 39 18 
25 17 9 27 31 24 19 18 15 24 12 8 33 18 38 15 32 40 8 22 34 12 24 20 31 20 11 29 31 20 20 18 24 20 15 4 21 30 27 20 28 23 9 19 31 20 38 17 18 12 21 7 31 4 4 12 21 30 19 39 23 21 28 3 14 22 
38 39 25 3 53 28 43 41 36 8 16 21 27 6 46 17 30 46 32 46 55 12 48 24 45 18 16 41 36 7 6 8 0 38 29 20 43 19 16 34 27 28 23 21 46 5 45 32 41 20 26 16 51 25 28 26 41 7 38 45 16 15 49 22 38 4 
r_i 66
7000 6000 13000 8000 11000 12000 7000 6000 6000 5000 11000 9000 9000 5000 6000 7000 11000 8000 8000 8000 12000 9000 5000 5000 9000 10000 8000 12000 6000 8000 11000 6000 12000 13000 11000 10000 7000 5000 9000 11000 6000 7000 13000 9000 9000 12000 6000 6000 6000 12000 11000 6000 12000 6000 9000 13000 7000 6000 10000 8000 10000 11000 6000 8000 6000 5000 
s_j 31
19000 17000 24000 20000 20000 22000 15000 24000 19000 18000 19000 22000 22000 19000 22000 17000 16000 20000 23000 24000 21000 19000 23000 24000 21000 17000 24000 18000 16000 22000 22000 
c 0.01
k 12
alfa_j 31
4400 2400 2600 1000 3100 3200 1000 2000 3500 1900 3900 1800 3400 800 1000 1100 700 3500 2700 1700 600 700 4200 4100 4300 600 4700 1900 4200 2200 3200 
h 8
x y 14 19
